0.510927 0.63406 -0.0514788
0.510609 0.558111 -0.115465
0.509631 0.579872 -0.0559864
0.489662 0.475543 -0.0936222
0.510207 0.533085 -0.124711
0.509288 0.499385 -0.119116
0.506265 0.417574 -0.0698989
0.349858 0.412938 0.0173307
0.504706 0.368277 -0.0631726
0.504255 0.336956 -0.0721105
0.501012 0.200597 -0.0600372
0.511138 0.645685 -0.0476163
0.511347 0.653104 -0.0396415
0.511531 0.654755 -0.0292745
0.512496 0.6578 -0.0276364
0.512807 0.667093 -0.030271
0.513048 0.678855 -0.0336843
0.513377 0.6925 -0.0295551
0.513506 0.71775 -0.00592987
0.510542 0.570047 -0.103255
0.489364 0.566853 -0.0727473
0.260757 0.318389 0.106568
0.413778 0.432616 -0.00257897
0.391946 0.435299 -0.00146139
0.370896 0.434369 0.00401238
0.34175 0.421926 0.0212413
0.431694 0.426007 -0.000937861
0.382205 0.383191 -0.0172655
0.404722 0.383013 -0.0168286
0.361689 0.386638 -0.00990231
0.347779 0.39277 -0.000441712
0.324116 0.437423 0.0333472
0.432662 0.762648 0.023183
0.341569 0.407521 0.0234145
0.256639 0.424802 0.128828
0.297525 0.423071 0.052778
0.399411 0.532806 -0.0126288
0.483473 0.630553 -0.0493795
0.487589 0.652786 -0.0365644
0.455979 0.636578 -0.0358414
0.438135 0.645094 -0.0186767
0.467274 0.653341 -0.0277676
0.45118 0.654641 -0.0120862
0.413471 0.679742 0.0190387
0.491878 0.557823 -0.113729
0.48889 0.53377 -0.122796
0.309369 0.371008 8.39062e-05
0.441615 0.471028 -0.0229112
0.438313 0.547058 -0.0594995
0.43697 0.533321 -0.0536043
0.334262 0.530926 0.0137146
0.489408 0.502369 -0.112177
0.363779 0.349326 -0.0412124
0.33155 0.356274 -0.0241212
0.281003 0.275501 0.0580463
0.461548 0.36612 -0.0568575
0.425163 0.387441 -0.00874146
0.395217 0.658074 0.0221881
0.28837 0.64891 0.213882
0.45427 0.560022 -0.0494083
0.473682 0.567778 -0.0512725
0.41849 0.656807 0.0201262
0.428017 0.655193 0.0143473
0.317287 0.339167 -0.0148874
0.437587 0.556063 -0.0461907
0.40712 0.351285 -0.0524821
0.401882 0.329729 -0.0595287
0.371537 0.216634 -0.0315039
0.299982 0.305193 0.0161102
0.38892 0.269409 -0.0473258
0.294672 0.358833 0.0178779
0.277696 0.338957 0.0593764
0.485252 0.644311 -0.0454504
0.462421 0.64733 -0.032707
0.44503 0.650492 -0.017064
0.460299 0.563724 -0.045222
0.42342 0.656275 0.0170925
0.433927 0.660111 0.00398867
0.429986 0.654129 0.0133841
0.466875 0.55497 -0.0817696
0.4549 0.652312 -0.00840624
0.47129 0.652949 -0.0183528
0.490203 0.654336 -0.0266635
0.485054 0.717785 -0.00499445
0.487234 0.691397 -0.0280922
0.48809 0.677291 -0.0319254
0.489031 0.665475 -0.0279354
0.490471 0.657758 -0.0249615
0.453392 0.656061 -0.00682577
0.450677 0.658826 -0.0101912
0.446874 0.665111 -0.0121266
0.443421 0.673472 -0.00747674
0.418873 0.61861 -0.0138626
0.260634 0.530361 0.232873
0.510294 0.573777 -0.0728104
0.442365 0.655905 0.00515633
0.438659 0.656868 0.00330476
0.481664 0.57886 -0.0505428
0.44619 0.569627 -0.0280893
0.477843 0.573651 -0.0516676
0.419263 0.485199 -0.0134404
0.384419 0.502268 -0.00618596
0.433386 0.542955 -0.0398477
0.316498 0.240868 0.00950011
0.335857 0.280993 -0.0180123
0.354751 0.327975 -0.0390709
0.432653 0.694706 0.00957403
0.453396 0.333842 -0.0697356
0.4424 0.265449 -0.063392
0.430987 0.204407 -0.0544339
0.352539 0.430369 0.012968
0.300739 0.454805 0.0472903
0.442955 0.419445 0.00145756
0.321525 0.397209 0.0181887
0.456839 0.45557 -0.0326451
0.452369 0.540319 -0.0822441
0.278077 0.47132 0.0734268
0.317257 0.471471 0.030074
0.346373 0.480111 0.0110926
0.387914 0.475643 0.000549919
0.418215 0.465029 -0.00499325
0.44059 0.453115 -0.0123045
0.485443 0.424266 -0.0608385
0.283666 0.522112 0.0727449
0.301866 0.394136 0.027012
0.499377 0.569134 -0.102036
0.443789 0.495197 -0.0288264
0.250064 0.420851 0.20247
0.457022 0.440165 -0.0173758
0.431682 0.543435 -0.0166455
0.334806 0.410233 0.027495
0.451322 0.523408 -0.0750853
0.270808 0.588717 0.229031
0.441962 0.410553 0.00609194
0.470004 0.510696 -0.0981259
0.33711 0.7069 0.102004
0.340169 0.732925 0.14424
0.262762 0.52802 0.152411
0.3088 0.674433 0.126702
0.266422 0.377436 0.0999005
0.428964 0.787944 0.0384346
0.501394 0.572912 -0.0713636
0.424583 0.512707 -0.0186533
0.278414 0.4271 0.0750281
0.372264 0.419956 0.00515669
0.391372 0.421639 -6.34558e-05
0.429066 0.665028 0.00815987
0.289252 0.570963 0.0858212
0.469901 0.819508 0.0481963
0.40365 0.787893 0.0891773
0.374375 0.765535 0.113292
0.50263 0.265055 -0.0674225
0.514655 0.822424 0.042614
0.409626 0.419541 -0.000926663
0.426598 0.415117 0.00165374
0.437049 0.412657 0.00570137
0.285068 0.38831 0.0486442
0.42246 0.395411 -0.00334476
0.403259 0.39018 -0.00812483
0.384543 0.389637 -0.00754147
0.365801 0.39369 -0.00205979
0.35419 0.399736 0.0058582
0.251542 0.363609 0.158978
0.359119 0.416572 0.0117165
0.509918 0.596919 -0.0491139
0.438236 0.604422 -0.0268662
0.453866 0.557258 -0.0589336
0.479908 0.598513 -0.047588
0.505149 0.391044 -0.0573375
0.367817 0.739027 0.0826647
0.397136 0.76399 0.062035
0.46782 0.803671 0.0184602
0.312595 0.697095 0.182022
0.435985 0.404065 0.00169351
0.47216 0.463537 -0.062375
0.514774 0.806199 0.0137378
0.434684 0.806732 0.0638886
0.272228 0.5813 0.155394
0.470334 0.656746 -0.0167539
0.467556 0.662237 -0.0205673
0.465275 0.671555 -0.0229993
0.463225 0.684385 -0.0188703
0.456159 0.708078 -0.000383839
0.436884 0.655035 0.00154581
0.430765 0.653735 0.00123897
0.424523 0.650669 0.00062455
0.402425 0.636697 0.00348182
0.318025 0.583423 0.0421109
0.471584 0.438461 -0.0450786
0.459234 0.396064 -0.0115536
0.445151 0.39969 -0.00345323
0.441086 0.651771 0.00416554
0.316958 0.640934 0.0811867
0.477843 0.39554 -0.0412153
0.443429 0.735327 0.0128018
0.508331 0.471289 -0.101436
0.487241 0.450835 -0.0795624
0.507353 0.445086 -0.084896
0.457321 0.501757 -0.0574269
0.5145 0.780729 -0.00138133
0.513898 0.747717 -0.00364444
0.477582 0.747254 0.000363907
0.392417 0.691888 0.0323162
0.415041 0.563313 -0.0101911
0.416391 0.717127 0.0242576
0.365274 0.561934 -0.00140039
0.395535 0.588407 -0.00403806
0.347125 0.600997 0.0200641
0.470364 0.779013 0.0040777
0.444067 0.514214 -0.0398292
0.374019 0.71178 0.054882
0.40348 0.738971 0.0422966
0.373314 0.66273 0.0321616
0.296131 0.612083 0.0981248
0.345946 0.666827 0.0543699
0.285123 0.629978 0.151259
0.378454 0.619929 0.00869342
0.458229 0.479012 -0.0443595
0.459693 0.551284 -0.0867108
0.444751 0.555266 -0.0614663
0.469691 0.536294 -0.104001
0.442347 0.381501 -0.0211585
0.407076 0.373148 -0.0279664
0.376104 0.371589 -0.0272876
0.349941 0.374341 -0.0178124
0.331321 0.382441 -0.00318729
0.318454 0.416514 0.0365421
0.256643 0.475972 0.141934
0.337307 0.447595 0.0238705
0.360193 0.454185 0.0110237
0.389239 0.453738 0.00250925
0.416575 0.447543 -0.000987025
0.437569 0.438866 -0.00350045
0.451788 0.430595 -0.00545456
0.254969 0.475402 0.224953
0.445623 0.560197 -0.0498034
0.472775 0.486481 -0.0767284
0.475955 0.553822 -0.103494
0.48832 0.564403 -0.0934832
0.475905 0.556892 -0.0922896
0.452392 0.566683 -0.0413205
0.492442 0.567242 -0.0991098
0.494381 0.570992 -0.0719808
0.449763 0.412546 0.00291682
0.46271 0.417866 -0.0101043
0.469331 0.421988 -0.0260385
0.347175 0.404097 0.0135106
0.336044 0.399293 0.0134573
0.526508 0.474522 -0.0931451
0.659017 0.405162 0.0219659
0.530625 0.565639 -0.0721149
0.73816 0.306864 0.114485
0.596074 0.427873 0.000297176
0.618158 0.429275 0.00197124
0.639054 0.42731 0.00793613
0.666429 0.41354 0.0260003
0.577852 0.422167 0.00105301
0.624836 0.377694 -0.0133039
0.602555 0.378524 -0.0140977
0.645163 0.380049 -0.00571476
0.659037 0.385412 0.00431837
0.683764 0.427537 0.0385839
0.593388 0.757575 0.025234
0.666239 0.399637 0.0281757
0.744938 0.412097 0.136591
0.70819 0.411994 0.0587699
0.615104 0.526302 -0.0101788
0.537727 0.628376 -0.0486268
0.534653 0.651024 -0.0362157
0.565134 0.632337 -0.0344936
0.582727 0.639392 -0.0169942
0.554568 0.649968 -0.0268748
0.570317 0.650321 -0.0108496
0.608195 0.67291 0.021436
0.528956 0.55652 -0.113296
0.530993 0.532411 -0.122171
0.696135 0.361956 0.0056688
0.570941 0.467378 -0.0211442
0.578868 0.542807 -0.0577773
0.578991 0.529031 -0.0518735
0.678265 0.520276 0.0182917
0.528862 0.501154 -0.111544
0.64312 0.343841 -0.0375882
0.674276 0.348921 -0.0194693
0.717985 0.265079 0.0651789
0.547496 0.364349 -0.0557256
0.582763 0.383692 -0.00669649
0.624895 0.650039 0.025149
0.720012 0.635969 0.221139
0.563732 0.556775 -0.048208
0.545433 0.565738 -0.0505752
0.602407 0.650189 0.0230233
0.593263 0.649169 0.0165117
0.687255 0.331245 -0.00946394
0.579552 0.551856 -0.0444562
0.600947 0.347642 -0.0500226
0.605596 0.325793 -0.0569214
0.629202 0.21037 -0.027346
0.701902 0.295886 0.0222498
0.615418 0.264228 -0.0438493
0.70952 0.349122 0.0240798
0.724092 0.328359 0.0665491
0.536763 0.642309 -0.0447932
0.559087 0.64363 -0.0317423
0.576457 0.645476 -0.0156463
0.55816 0.560996 -0.0441277
0.597547 0.649899 0.0194648
0.588223 0.654523 0.00569828
0.591098 0.648507 0.0156853
0.552193 0.552313 -0.0805925
0.566164 0.64828 -0.00699604
0.550311 0.650225 -0.017726
0.531894 0.652802 -0.0261775
0.541139 0.71587 -0.00453137
0.538762 0.689608 -0.0279344
0.537406 0.675452 -0.0317127
0.535707 0.663858 -0.0274818
0.53394 0.656289 -0.0244555
0.569314 0.651979 -0.00549011
0.572201 0.654404 -0.00881797
0.576248 0.660417 -0.0108457
0.580001 0.668509 -0.00586544
0.600524 0.612481 -0.0117572
0.742525 0.517069 0.240705
0.579529 0.651056 0.00694429
0.583436 0.651741 0.00497569
0.537847 0.577249 -0.0498666
0.571865 0.566059 -0.0269859
0.541458 0.571892 -0.0509763
0.593408 0.480189 -0.0112824
0.628276 0.495124 -0.00326903
0.582601 0.538571 -0.0381482
0.683124 0.23189 0.0150315
0.666871 0.273519 -0.0130421
0.651096 0.321848 -0.0350037
0.590619 0.689231 0.0113362
0.554952 0.332041 -0.06837
0.562683 0.26271 -0.0615853
0.57066 0.200792 -0.0523802
0.656688 0.422358 0.0173925
0.706396 0.443259 0.0532046
0.566547 0.416428 0.00304273
0.684975 0.388251 0.0236539
0.555771 0.452764 -0.0313494
0.565565 0.536843 -0.0809094
0.727856 0.458479 0.0800664
0.691705 0.46063 0.0351509
0.664285 0.470764 0.0153413
0.623633 0.468863 0.003578
0.593314 0.459942 -0.00255984
0.570811 0.449444 -0.0107604
0.52707 0.42318 -0.0602714
0.724766 0.508905 0.0793139
0.703822 0.38411 0.0333402
0.521645 0.568463 -0.101768
0.570217 0.491636 -0.0269804
0.749694 0.408447 0.210947
0.554231 0.437396 -0.0160627
0.583769 0.538803 -0.0148811
0.672636 0.401783 0.0325704
0.565327 0.520067 -0.073674
0.734576 0.575339 0.236936
0.567039 0.407451 0.00801196
0.547442 0.508285 -0.0970656
0.679813 0.696067 0.106897
0.676264 0.722533 0.149631
0.742182 0.513825 0.15991
0.704502 0.662008 0.1327
0.735167 0.36573 0.107428
0.597832 0.782731 0.0409555
0.519119 0.572285 -0.0713163
0.589236 0.507937 -0.0166
0.725911 0.415125 0.0820901
0.63756 0.413239 0.00903451
0.61836 0.415893 0.00338507
0.593067 0.65899 0.0100148
0.721005 0.557508 0.0916959
0.558831 0.816725 0.0495556
0.620364 0.781251 0.0923108
0.646406 0.757063 0.11751
0.599783 0.414712 0.00173013
0.582576 0.411091 0.0039386
0.572003 0.409305 0.00766018
0.719014 0.377265 0.0552755
0.585394 0.391283 -0.00108439
0.604017 0.385192 -0.00554559
0.622794 0.383742 -0.004015
0.641687 0.387102 0.00177261
0.653591 0.39244 0.0101738
0.747627 0.351557 0.167103
0.650262 0.409112 0.0160589
0.581124 0.59963 -0.025123
0.564291 0.553811 -0.0577159
0.540102 0.596383 -0.0467884
0.652709 0.729999 0.0866698
0.626221 0.756786 0.06513
0.560811 0.800736 0.0194603
0.699604 0.685254 0.187994
0.572634 0.400636 0.00389148
0.542314 0.461578 -0.0612972
0.592298 0.801943 0.0662438
0.734811 0.567169 0.162639
0.55318 0.653746 -0.016033
0.556242 0.659155 -0.0197224
0.559127 0.668172 -0.0220838
0.561694 0.680768 -0.017874
0.56876 0.704262 0.000749569
0.584378 0.649861 0.00334645
0.590259 0.647912 0.00322435
0.59599 0.644454 0.00288375
0.617084 0.629372 0.00617408
0.695074 0.571624 0.0470666
0.54091 0.436568 -0.0441879
0.549855 0.393894 -0.0106301
0.563626 0.396684 -0.00149942
0.579665 0.646951 0.00582197
0.697252 0.628791 0.0865553
0.532064 0.394264 -0.04058
0.581602 0.730832 0.0145587
0.527322 0.449866 -0.0791671
0.558047 0.498837 -0.0563488
0.549439 0.744957 0.00117563
0.628595 0.684053 0.035315
0.60128 0.557636 -0.00820011
0.606876 0.710989 0.026321
0.64977 0.553171 0.00185762
0.62162 0.581297 -0.00132012
0.668517 0.590846 0.0237708
0.557747 0.776383 0.00499407
0.570801 0.510467 -0.0383379
0.646616 0.702834 0.0584611
0.620016 0.731974 0.0453213
0.645881 0.653617 0.035477
0.715609 0.598748 0.104096
0.671431 0.656312 0.0584558
0.724475 0.616368 0.158276
0.63929 0.611564 0.0115341
0.555895 0.476252 -0.0430329
0.559176 0.548202 -0.0853757
0.573064 0.551336 -0.0600679
0.54951 0.533856 -0.103185
0.56632 0.378731 -0.0194173
0.601057 0.368833 -0.0250167
0.631352 0.366076 -0.0235156
0.656926 0.367471 -0.0134433
0.675289 0.374443 0.00187547
0.688381 0.406864 0.0417003
0.746476 0.462485 0.149904
0.671692 0.438305 0.0285304
0.64986 0.446073 0.0151168
0.621378 0.447309 0.00550035
0.594072 0.442573 0.00144291
0.573033 0.43506 -0.00184821
0.558607 0.427717 -0.0039661
0.746163 0.462371 0.233186
0.572221 0.556595 -0.0483202
0.543186 0.484368 -0.0758585
0.54417 0.551708 -0.1027
0.531932 0.562984 -0.0929524
0.543942 0.554654 -0.0916212
0.565806 0.563529 -0.0403038
0.528338 0.56609 -0.09858
0.526027 0.569959 -0.071702
0.559548 0.409851 0.00420129
0.547238 0.415607 -0.0090869
0.541519 0.42004 -0.024972
0.660668 0.396331 0.0181819
0.670907 0.391071 0.0182419
